File length: 668960
Version: 1000
Content type: 5

File Bounding Rect: -141.002859,41.971497    -52.543746,83.148086

List of all records after header
number(from 1) length(in bytes) type_code bounding_rect(wlon nlat elon slat) num_parts total_num_points

1 7872 5 -120.000000 48.993095 -109.983243 60.000000 1 489
2 1616 5 -110.000000 49.000000 -101.349373 60.000000 1 98
3 3476 5 -102.000000 48.996243 -88.960880 60.008697 2 214
4 108508 5 -67.804527 46.614659 -52.543746 60.411519 76 6760
5 1568 5 -64.463408 45.973942 -62.066603 47.049363 1 95
6 6344 5 -66.200849 43.456791 -59.752495 47.052817 3 393
7 63528 5 -136.451202 59.988104 -102.000000 78.735257 55 3954
8 207068 5 -120.679089 55.655074 -61.021312 83.148086 412 12836
9 32816 5 -95.157722 41.971497 -74.358075 56.898065 21 2043
10 14496 5 -69.045700 45.038914 -63.860907 48.050312 1 903
11 34416 5 -141.002859 59.996089 -123.910896 69.647128 1 2148
12 57044 5 -139.037796 48.346085 -114.083839 60.030689 126 3531
13 130004 5 -81.123091 44.983597 -57.113401 62.788896 66 8106
